999999 3 6 1 1 2 1 3 6 1 1 3 3 3 3 3 4 
999994 3 6 1 1 2 1 3 6 1 1 3 3 3 4 
999994 3 6 1 1 2 1 3 6 1 1 3 3 6 
999994 3 6 1 1 2 1 3 6 1 1 3 3 3 4 
999994 3 6 1 1 2 1 3 6 1 1 3 3 3 6 
999994 3 6 1 1 2 1 3 6 1 5 3 3 1 
999994 3 6 1 1 2 1 3 6 1 5 5 
999994 3 6 1 1 2 1 3 6 1 1 1 3 5 
999994 3 6 1 1 2 1 3 6 1 1 3 3 5 
999994 3 6 1 1 2 1 3 6 1 1 3 3 3 2 
999994 3 6 1 1 2 1 3 6 1 1 3 3 3 6 
999619 3 6 1 1 2 1 3 6 1 1 3 
999619 3 6 1 1 2 1 3 6 1 1 3 3 3 
999619 3 6 1 1 2 1 3 6 1 1 3 3 
999619 3 6 1 1 2 1 3 6 1 1 3 3 3 
999619 3 6 1 1 2 1 3 6 1 1 3 3 
