-160 2 6 4 2 
-160 5 6 4 1 
-190 5 6 6 
-190 2 6 2 
-190 5 6 2 
-255 5 4 
-255 5 3 
-255 2 2 
-255 5 1 
-255 2 1 
-255 2 2 
-255 5 3 
-255 1 4 1 
-255 5 3 
-255 2 2 
-255 2 3 
-255 5 5 
-255 5 5 
-255 5 1 
-255 4 1 5 
-255 5 3 
-255 5 1 
-255 2 1 
-255 5 3 
-255 2 1 
-255 2 5 
-255 4 1 2 
-255 2 5 
-255 5 2 
-255 5 4 
-255 2 4 
-255 1 4 1 
-255 2 2 
-265 3 4 3 5 
-265 4 3 3 1 
-275 3 4 1 
-275 4 3 4 
-275 4 3 1 
-275 4 3 1 
-280 4 6 
-280 4 6 
-280 1 6 
-280 1 2 
-280 4 5 
-280 4 5 
-280 4 2 
-280 1 5 
-280 1 6 
-280 1 6 
-300 3 6 
-300 3 6 
-300 3 2 
-300 3 6 
-305 6 
-305 6 
-305 6 
-305 6 
-305 6 
-305 6 
-305 6 
-305 6 
-305 6 
-305 6 
-305 6 
