999994 2 6 4 3 4 6 4 3 4 3 5 5 4 6 5 6 3 6 2 4 5 4 5 4 6 5 4 
999994 2 6 4 3 4 6 4 3 4 3 5 5 4 6 5 6 3 6 2 4 5 4 5 4 6 4 1 3 
999994 2 6 4 3 4 6 4 3 4 3 5 5 4 6 5 6 3 6 2 4 5 4 5 4 6 4 4 1 
999994 2 6 4 3 4 6 4 3 4 3 5 5 4 6 5 6 3 6 2 4 5 4 5 4 6 4 4 5 
999994 2 6 4 3 4 6 4 3 4 3 5 5 4 6 5 6 3 6 2 4 5 4 5 4 6 4 4 6 
999994 2 6 4 3 4 6 4 3 4 3 5 5 4 6 5 6 3 6 2 4 5 4 5 4 6 5 2 
999994 2 6 4 3 4 6 4 3 4 3 5 5 4 6 5 6 3 6 2 4 5 4 5 4 6 4 2 
999994 2 6 4 3 4 6 4 3 4 3 5 5 4 6 5 6 3 6 2 4 5 4 5 4 6 4 3 6 
999994 2 6 4 3 4 6 4 3 4 3 5 5 4 6 5 6 3 6 2 4 5 4 5 4 6 5 3 3 
999994 2 6 4 3 4 6 4 3 4 3 5 5 4 6 5 6 3 6 2 4 5 4 5 4 6 4 4 5 
999994 2 6 4 3 4 6 4 3 4 3 5 5 4 6 5 6 3 6 2 4 5 4 5 4 6 4 4 1 
999994 2 6 4 3 4 6 4 3 4 3 5 5 4 6 5 6 3 6 2 4 5 4 5 4 6 4 1 2 
999994 2 6 4 3 4 6 4 3 4 3 5 5 4 6 5 6 3 6 2 4 5 4 5 4 6 4 3 5 
999994 2 6 4 3 4 6 4 3 4 3 5 5 4 6 5 6 3 6 2 4 5 4 5 4 6 4 1 4 
999994 2 6 4 3 4 6 4 3 4 3 5 5 4 6 5 6 3 6 2 4 5 4 5 4 6 5 6 
999994 2 6 4 3 4 6 4 3 4 3 5 5 4 6 5 6 3 6 2 4 5 4 5 4 6 4 2 
999994 2 6 4 3 4 6 4 3 4 3 5 5 4 6 5 6 3 6 2 4 5 4 5 4 6 4 3 2 
999994 2 6 4 3 4 6 4 3 4 3 5 5 4 6 5 6 3 6 2 4 5 4 5 4 6 4 1 3 
999994 2 6 4 3 4 6 4 3 4 3 5 5 4 6 5 6 3 6 2 4 5 4 5 4 6 4 1 3 
999994 2 6 4 3 4 6 4 3 4 3 5 5 4 6 5 6 3 6 2 4 5 4 5 4 6 4 1 4 
999994 2 6 4 3 4 6 4 3 4 3 5 5 4 6 5 6 3 6 2 4 5 4 5 4 6 4 6 
999994 2 6 4 3 4 6 4 3 4 3 5 5 4 6 5 6 3 6 2 4 5 4 5 4 6 4 1 3 
999994 2 6 4 3 4 6 4 3 4 3 5 5 4 6 5 6 3 6 2 4 5 4 5 4 6 4 1 4 
999994 2 6 4 3 4 6 4 3 4 3 5 5 4 6 5 6 3 6 2 4 5 4 5 4 6 4 5 
999994 2 6 4 3 4 6 4 3 4 3 5 5 4 6 5 6 3 6 2 4 5 4 5 4 6 4 4 6 
999994 2 6 4 3 4 6 4 3 4 3 5 5 4 6 5 6 3 6 2 4 5 4 5 4 6 4 3 1 
999994 2 6 4 3 4 6 4 3 4 3 5 5 4 6 5 6 3 6 2 4 5 4 5 4 6 4 1 2 
999994 2 6 4 3 4 6 4 3 4 3 5 5 4 6 5 6 3 6 2 4 5 4 5 4 6 4 3 4 
999994 2 6 4 3 4 6 4 3 4 3 5 5 4 6 5 6 3 6 2 4 5 4 5 4 6 4 1 1 
999994 2 6 4 3 4 6 4 3 4 3 5 5 4 6 5 6 3 6 2 4 5 4 5 4 6 4 1 5 
999994 2 6 4 3 4 6 4 3 4 3 5 5 4 6 5 6 3 6 2 4 5 4 5 4 6 4 1 4 
999994 2 6 4 3 4 6 4 3 4 3 5 5 4 6 5 6 3 6 2 4 5 4 5 4 6 4 6 
999994 2 6 4 3 4 6 4 3 4 3 5 5 4 6 5 6 3 6 2 4 5 4 5 4 6 4 1 4 
999994 2 6 4 3 4 6 4 3 4 3 5 5 4 6 5 6 3 6 2 4 5 4 5 4 6 4 3 2 
999994 2 6 4 3 4 6 4 3 4 3 5 5 4 6 5 6 3 6 2 4 5 4 5 4 6 4 1 4 
999994 2 6 4 3 4 6 4 3 4 3 5 5 4 6 5 6 3 6 2 4 5 4 5 4 6 4 3 6 
999994 2 6 4 3 4 6 4 3 4 3 5 5 4 6 5 6 3 6 2 4 5 4 4 4 4 6 5 4 
999994 2 6 4 3 4 6 4 3 4 3 5 5 4 6 5 6 3 6 2 4 5 4 6 6 5 5 
999994 2 6 4 3 4 6 4 3 4 3 5 5 4 6 5 6 3 6 2 4 5 4 2 4 6 4 1 6 
999994 2 6 4 3 4 6 4 3 4 3 5 5 4 6 5 6 3 6 2 4 5 4 6 6 5 5 
999619 2 6 4 3 4 6 4 3 4 3 5 5 4 6 5 6 3 6 2 4 5 4 5 4 6 4 
999619 2 6 4 3 4 6 4 3 4 3 5 5 4 6 5 6 3 6 2 4 5 4 5 4 6 4 
999619 2 6 4 3 4 6 4 3 4 3 5 5 4 6 5 6 3 6 2 4 5 4 5 4 6 4 
999619 2 6 4 3 4 6 4 3 4 3 5 5 4 6 5 6 3 6 2 4 5 4 5 4 6 4 
999619 2 6 4 3 4 6 4 3 4 3 5 5 4 6 5 6 3 6 2 4 5 4 5 4 6 4 
999619 2 6 4 3 4 6 4 3 4 3 5 5 4 6 5 6 3 6 2 4 5 4 5 4 6 4 
999619 2 6 4 3 4 6 4 3 4 3 5 5 4 6 5 6 3 6 2 4 5 4 5 4 6 4 
999619 2 6 4 3 4 6 4 3 4 3 5 5 4 6 5 6 3 6 2 4 5 4 5 4 6 4 
999619 2 6 4 3 4 6 4 3 4 3 5 5 4 6 5 6 3 6 2 4 5 4 5 4 6 4 
999619 2 6 4 3 4 6 4 3 4 3 5 5 4 6 5 6 3 6 2 4 5 4 5 4 6 4 
999619 2 6 4 3 4 6 4 3 4 3 5 5 4 6 5 6 3 6 2 4 5 4 5 4 6 4 
999619 2 6 4 3 4 6 4 3 4 3 5 5 4 6 5 6 3 6 2 4 5 4 5 4 6 4 
999619 2 6 4 3 4 6 4 3 4 3 5 5 4 6 5 6 3 6 2 4 5 4 5 4 6 4 
999619 2 6 4 3 4 6 4 3 4 3 5 5 4 6 5 6 3 6 2 4 5 4 5 4 6 4 
999619 2 6 4 3 4 6 4 3 4 3 5 5 4 6 5 6 3 6 2 4 5 4 5 4 6 4 
999619 2 6 4 3 4 6 4 3 4 3 5 5 4 6 5 6 3 6 2 4 5 4 5 4 6 4 
999619 2 6 4 3 4 6 4 3 4 3 5 5 4 6 5 6 3 6 2 4 5 4 5 4 6 4 
999619 2 6 4 3 4 6 4 3 4 3 5 5 4 6 5 6 3 6 2 4 5 4 5 4 6 4 
999619 2 6 4 3 4 6 4 3 4 3 5 5 4 6 5 6 3 6 2 4 5 4 5 4 6 4 
999619 2 6 4 3 4 6 4 3 4 3 5 5 4 6 5 6 3 6 2 4 5 4 5 4 6 4 
999619 2 6 4 3 4 6 4 3 4 3 5 5 4 6 5 6 3 6 2 4 5 4 5 4 6 4 
755 2 6 4 3 4 6 4 3 4 3 5 5 4 6 5 6 3 6 2 4 5 4 5 4 6 2 
755 2 6 4 3 4 6 4 3 4 3 5 5 4 6 5 6 3 6 2 4 5 4 5 4 6 3 
755 2 6 4 3 4 6 4 3 4 3 5 5 4 6 5 6 3 6 2 4 5 4 5 4 6 3 
755 2 6 4 3 4 6 4 3 4 3 5 5 4 6 5 6 3 6 2 4 5 4 4 5 6 3 
755 2 6 4 3 4 6 4 3 4 3 5 5 4 6 5 6 3 6 2 4 5 4 5 4 6 3 
745 2 6 4 3 4 6 4 3 4 3 5 5 4 6 5 6 3 6 2 4 5 6 4 6 2 
740 2 6 4 3 4 6 4 3 4 3 5 5 4 6 5 6 3 6 2 4 5 4 4 1 3 6 3 4 
740 2 6 4 3 4 6 4 3 4 3 5 5 4 6 5 6 3 6 2 4 5 4 6 3 3 5 2 
740 2 6 4 3 4 6 4 3 4 3 5 5 4 6 5 6 3 6 2 4 5 1 3 5 3 6 4 
735 2 6 4 3 4 6 4 3 4 3 5 5 4 6 5 6 3 6 2 4 5 6 4 3 5 1 
735 2 6 4 3 4 6 4 3 4 3 5 5 4 6 5 6 3 6 2 4 5 4 4 4 3 6 1 
735 2 6 4 3 4 6 4 3 4 3 5 5 4 6 5 6 3 6 2 4 5 4 4 1 3 6 4 
705 2 6 4 3 4 6 4 3 4 3 5 5 4 6 5 6 3 6 2 4 5 1 5 3 1 3 6 
705 2 6 4 3 4 6 4 3 4 3 5 5 4 6 5 6 3 6 2 4 5 4 4 6 6 
695 2 6 4 3 4 6 4 3 4 3 5 5 4 6 5 6 3 6 2 4 5 4 3 1 5 6 
615 2 6 4 3 4 6 4 3 4 3 5 5 4 6 5 6 3 6 2 4 5 4 5 4 1 2 
615 2 6 4 3 4 6 4 3 4 3 5 5 4 6 5 6 3 6 2 4 5 4 2 5 3 
615 2 6 4 3 4 6 4 3 4 3 5 5 4 6 5 6 3 6 2 4 5 4 5 4 4 3 
605 2 6 4 3 4 6 4 3 4 3 5 5 4 6 5 6 3 6 2 4 5 6 4 1 4 
605 2 6 4 3 4 6 4 3 4 3 5 5 4 6 5 6 3 6 2 4 5 5 6 4 
605 2 6 4 3 4 6 4 3 4 3 5 5 4 6 5 6 3 6 2 4 5 4 6 1 4 
600 2 6 4 3 4 6 4 3 4 3 5 5 4 6 5 6 3 6 2 4 5 4 3 4 3 5 2 
595 2 6 4 3 4 6 4 3 4 3 5 5 4 6 5 6 3 6 2 4 5 4 3 4 5 1 
595 2 6 4 3 4 6 4 3 4 3 5 5 4 6 5 6 3 6 2 4 5 4 5 3 4 4 
595 2 6 4 3 4 6 4 3 4 3 5 5 4 6 5 6 3 6 2 4 5 4 5 4 3 1 
595 2 6 4 3 4 6 4 3 4 3 5 5 4 6 5 6 3 6 2 4 5 4 4 5 3 1 
590 2 6 4 3 4 6 4 3 4 3 5 5 4 6 5 6 3 6 2 4 5 1 1 5 5 
590 2 6 4 3 4 6 4 3 4 3 5 5 4 6 5 6 3 6 2 4 5 1 2 4 4 
590 2 6 4 3 4 6 4 3 4 3 5 5 4 6 5 6 3 6 2 4 5 5 5 1 3 
590 2 6 4 3 4 6 4 3 4 3 5 5 4 6 5 6 3 6 2 4 5 4 3 6 3 2 
590 2 6 4 3 4 6 4 3 4 3 5 5 4 6 5 6 3 6 2 4 5 4 5 4 4 
585 2 6 4 3 4 6 4 3 4 3 5 5 4 6 5 6 3 6 2 4 5 4 6 3 2 
580 2 6 4 3 4 6 4 3 4 3 5 5 4 6 5 6 3 6 2 4 5 4 6 1 6 
575 2 6 4 3 4 6 4 3 4 3 5 5 4 6 5 6 3 6 2 4 5 4 3 3 5 2 
575 2 6 4 3 4 6 4 3 4 3 5 5 4 6 5 6 3 6 2 4 5 3 5 4 3 2 
575 2 6 4 3 4 6 4 3 4 3 5 5 4 6 5 6 3 6 2 4 5 4 5 3 3 5 
570 2 6 4 3 4 6 4 3 4 3 5 5 4 6 5 6 3 6 2 4 5 4 4 3 4 5 
565 2 6 4 3 4 6 4 3 4 3 5 5 4 6 5 6 3 6 2 4 5 5 1 5 
565 2 6 4 3 4 6 4 3 4 3 5 5 4 6 5 6 3 6 2 4 5 4 5 5 3 
565 2 6 4 3 4 6 4 3 4 3 5 5 4 6 5 6 3 6 2 4 5 4 5 6 
565 2 6 4 3 4 6 4 3 4 3 5 5 4 6 5 6 3 6 2 4 5 4 4 1 5 3 
565 2 6 4 3 4 6 4 3 4 3 5 5 4 6 5 6 3 6 2 4 5 1 2 1 
565 2 6 4 3 4 6 4 3 4 3 5 5 4 6 5 6 3 6 2 4 5 1 1 4 1 
565 2 6 4 3 4 6 4 3 4 3 5 5 4 6 5 6 3 6 2 4 5 4 5 6 
555 2 6 4 3 4 6 4 3 4 3 5 5 4 6 5 6 3 6 2 4 5 6 6 
555 2 6 4 3 4 6 4 3 4 3 5 5 4 6 5 6 3 6 2 4 5 4 4 3 3 3 1 
545 2 6 4 3 4 6 4 3 4 3 5 5 4 6 5 6 3 6 2 4 5 4 4 3 6 
545 2 6 4 3 4 6 4 3 4 3 5 5 4 6 5 6 3 6 2 4 5 4 4 3 1 
540 2 6 4 3 4 6 4 3 4 3 5 5 4 6 5 6 3 6 2 4 5 5 2 
540 2 6 4 3 4 6 4 3 4 3 5 5 4 6 5 6 3 6 2 4 5 4 1 2 
540 2 6 4 3 4 6 4 3 4 3 5 5 4 6 5 6 3 6 2 4 5 4 1 2 
540 2 6 4 3 4 6 4 3 4 3 5 5 4 6 5 6 3 6 2 4 5 4 4 6 1 
380 2 6 4 3 4 6 4 3 4 3 5 5 4 6 5 6 3 6 2 4 5 4 5 4 6 
380 2 6 4 3 4 6 4 3 4 3 5 5 4 6 5 6 3 6 2 4 5 4 5 4 6 
380 2 6 4 3 4 6 4 3 4 3 5 5 4 6 5 6 3 6 2 4 5 4 5 4 6 
380 2 6 4 3 4 6 4 3 4 3 5 5 4 6 5 6 3 6 2 4 5 4 5 4 6 
225 2 6 4 3 4 6 4 3 4 3 5 5 4 6 5 6 3 6 2 4 5 5 5 3 3 
215 2 6 4 3 4 6 4 3 4 3 5 5 4 6 5 6 3 6 2 4 5 4 1 5 
215 2 6 4 3 4 6 4 3 4 3 5 5 4 6 5 6 3 6 2 4 5 4 1 5 
195 2 6 4 3 4 6 4 3 4 3 5 5 4 6 5 6 3 6 2 4 5 4 5 3 
190 2 6 4 3 4 6 4 3 4 3 5 5 4 6 5 6 3 6 2 4 5 1 5 
170 2 6 4 3 4 6 4 3 4 3 5 5 4 6 5 6 3 6 2 4 5 4 1 3 
165 2 6 4 3 4 6 4 3 4 3 5 5 4 6 5 6 3 6 2 4 5 1 1 6 5 5 
165 2 6 4 3 4 6 4 3 4 3 5 5 4 6 5 6 3 6 2 4 5 1 1 6 5 5 
165 2 6 4 3 4 6 4 3 4 3 5 5 4 6 5 6 3 6 2 4 5 1 1 6 5 
165 2 6 4 3 4 6 4 3 4 3 5 5 4 6 5 6 3 6 2 4 5 1 1 6 
165 2 6 4 3 4 6 4 3 4 3 5 5 4 6 5 6 3 6 2 4 5 1 1 6 
