-160 2 6 4 3 6 
-160 2 6 4 3 5 
-160 2 6 4 3 2 
-160 2 6 4 3 3 
-165 2 6 4 6 
-165 2 6 4 5 
-165 2 6 4 4 
-165 2 6 4 2 
-165 2 6 4 6 
-165 2 6 4 6 
-165 2 6 4 6 
-165 2 6 4 5 
-165 2 6 4 4 
-165 2 6 4 5 
-165 2 6 4 1 
-165 2 6 4 1 
-165 2 6 4 4 
-165 2 6 4 2 
-165 5 6 4 2 
-165 2 6 4 4 
-165 2 6 4 6 
-165 2 6 4 6 
-165 2 6 4 4 
-165 2 6 4 2 
-165 2 6 4 1 
-165 2 6 4 4 
-165 2 6 4 5 
-165 2 6 4 6 
-165 2 6 4 6 
-190 5 6 6 
-190 2 6 2 
-190 2 6 1 
-190 2 6 3 
-190 2 6 1 
-190 2 6 3 
-190 2 6 6 
-190 2 6 3 
-190 2 6 5 
-190 2 6 5 
-190 2 6 3 
-190 2 6 6 
-190 2 6 5 
-190 2 6 3 
-190 2 6 6 
-190 2 6 3 
-190 2 6 5 
-190 2 6 3 
-190 5 6 6 
-190 2 6 5 
-190 2 6 3 
-190 5 6 3 
-190 2 6 5 
-190 2 6 2 
-190 5 6 1 
-190 2 6 1 
-190 4 1 6 3 
-200 3 3 4 6 1 
-255 2 2 
-255 2 5 
-255 4 4 1 
-255 4 4 2 
-255 2 5 
-255 5 1 
-255 2 3 
-255 2 3 
-255 5 4 
-255 2 1 
-255 2 3 
-255 4 4 2 
-255 2 5 
-255 2 2 
-255 1 1 4 
-255 2 5 
-255 2 4 
-255 2 2 
-255 2 5 
-255 5 4 
-255 5 2 
-255 2 5 
-255 4 4 2 
-255 2 2 
-255 2 5 
-255 2 1 
-255 4 1 4 
-255 1 1 3 
-255 4 4 4 
-255 1 1 1 
-255 5 5 
-255 2 5 
-255 4 4 1 
-255 4 1 4 
-255 4 1 3 
-255 1 1 3 
-255 2 2 
-255 5 1 
-255 1 1 3 
-255 4 4 3 
-255 2 5 
-255 1 1 3 
-255 2 1 
-255 2 4 
-255 2 5 
-255 2 5 
-255 2 1 
-255 2 1 
-270 3 1 3 2 
-275 1 3 4 
-275 3 4 2 
-275 1 3 1 
-275 3 4 6 
-280 1 2 
-280 4 2 
-280 1 5 
-280 1 2 
-280 4 2 
-280 4 5 
-280 4 5 
-280 4 5 
-280 1 2 
-280 1 6 
-280 4 6 
-295 3 3 6 
-295 3 3 6 
-300 3 6 
-300 3 5 
-305 6 
-305 6 
-305 6 
