-45 2 6 4 3 4 6 4 1 
-65 5 6 4 3 4 6 5 
-70 2 6 4 3 4 6 1 
-135 2 6 4 3 4 4 
-135 2 6 4 3 4 5 
-135 2 6 4 3 4 1 
-160 2 6 4 3 5 
-160 2 6 4 3 1 
-160 2 6 4 3 1 
-160 2 6 4 3 2 
-160 2 6 4 3 2 
-160 2 6 4 3 2 
-160 2 6 4 3 5 
-160 2 6 4 3 6 
-160 2 6 4 3 2 
-160 2 6 4 3 3 
-165 2 6 4 4 
-165 2 6 4 4 
-165 2 6 4 1 
-165 2 6 4 1 
-165 2 6 4 4 
-165 2 6 4 4 
-165 2 6 4 6 
-165 2 6 4 5 
-165 2 6 4 5 
-165 2 6 4 5 
-165 2 6 4 1 
-165 2 6 4 2 
-165 2 6 4 1 
-165 2 6 4 4 
-165 5 6 4 6 
-165 2 6 4 4 
-165 2 6 4 2 
-165 2 6 4 6 
-165 2 6 4 1 
-165 2 6 4 4 
-190 2 6 3 
-190 2 6 1 
-190 3 3 2 1 3 4 6 
-190 2 6 6 
-190 2 6 1 
-190 2 6 5 
-190 2 6 6 
-190 2 6 2 
-190 2 6 6 
-190 2 6 6 
-190 2 6 3 
-190 2 6 3 
-190 2 6 6 
-190 5 6 5 
-190 2 6 5 
-190 2 6 5 
-190 2 6 6 
-190 2 6 5 
-190 2 6 2 
-190 4 1 6 2 
-190 5 6 6 
-190 2 6 1 
-190 2 6 3 
-255 2 5 
-255 5 1 
-255 5 4 
-255 1 1 2 
-255 2 2 
-255 5 3 
-255 1 4 4 
-255 1 4 4 
-275 4 3 4 
-280 4 5 
-535 2 6 4 
-535 2 6 4 
-535 2 6 4 
-535 2 6 4 
-535 2 6 4 
-535 2 6 4 
-535 2 6 4 
-535 2 6 4 
-540 2 6 4 
-540 2 6 4 
-540 2 6 4 
-540 2 6 4 
-540 2 6 4 
-540 2 6 4 
-540 2 6 4 
-540 2 6 4 
-540 2 6 4 
-540 2 6 4 
-540 2 6 4 
-540 2 6 4 
-540 2 6 4 
-540 2 6 4 
-540 2 6 4 
-540 2 6 4 
-540 2 6 4 
-540 2 6 4 
-540 2 6 4 
-565 2 6 
-565 2 6 
-565 2 6 
-565 2 6 
-565 2 6 
-565 2 6 
-565 2 6 
-565 2 6 
-565 2 6 
-565 2 6 
-565 2 6 
-565 2 6 
-565 2 6 
-565 2 6 
-565 2 6 
-565 2 6 
-630 5 
-630 2 
-630 2 
-630 2 
-630 2 
-630 2 
-630 2 
-630 2 
-630 2 
-630 2 
-630 2 
-630 2 
-630 2 
-630 2 
-680 
-680 
