-110 4 5 5 6 
-120 1 1 6 6 
-155 3 1 5 6 
-160 1 5 6 
-160 1 2 6 
-160 2 1 6 
-160 4 4 4 6 
-160 2 4 6 
-165 3 6 6 
-170 6 6 
-175 4 4 4 5 3 
-175 1 2 2 
-175 5 4 2 
-175 5 4 2 
-175 4 1 4 5 1 
-180 3 2 6 
-180 3 6 5 
-180 1 1 3 6 
-180 5 6 3 
-185 6 2 
-185 6 2 
-185 6 2 
-195 4 2 3 4 
-195 3 5 1 1 
-195 2 1 3 4 
-195 3 4 2 4 
-195 3 5 5 
-200 1 4 2 
-200 5 5 
-200 2 2 
-200 2 4 1 
-200 4 1 5 
-200 2 2 
-200 2 5 
-200 2 5 
-200 1 2 1 
-200 5 5 
-200 1 5 1 
-200 2 1 1 
-205 3 1 6 
-210 6 4 
-210 1 6 
-215 1 5 3 3 
-215 5 3 3 4 
-215 3 3 5 1 
-215 3 1 5 3 
-220 3 4 4 4 3 
-240 4 3 4 3 4 
