50 6 5 5 3 6 4 1 6 3 
-60 6 5 5 5 1 
-85 6 5 5 2 
-110 6 5 5 1 
-120 6 5 6 
-135 6 5 2 
-135 5 6 2 
-135 6 5 2 
-150 2 1 5 1 
-155 5 4 3 6 
-160 1 5 6 
-160 5 6 1 
-160 6 5 4 
-160 1 1 4 6 
-170 5 3 1 5 
-175 2 1 2 
-180 6 5 3 
-180 6 5 3 
-180 6 5 3 
-180 4 1 3 6 
-180 6 5 3 
-180 2 6 3 
-180 1 4 6 3 
-185 6 2 
-185 6 2 
-185 6 2 
-195 5 3 4 1 
-195 1 2 3 4 
-195 3 5 1 1 
-195 5 3 1 1 
-195 3 2 5 
-195 1 3 1 2 
-200 4 2 1 
-200 1 1 2 
-200 5 5 
-200 5 2 
-200 1 4 5 
-200 4 5 4 
-200 4 5 1 
-205 3 4 6 
-205 6 3 1 
-210 6 1 
-210 6 4 
-210 6 1 
-215 5 3 1 3 
-215 3 1 4 3 1 
-215 3 3 4 5 
-220 3 3 3 6 
