-275 6 5 5 3 4 
-295 6 5 5 1 
-295 6 5 5 2 
-295 6 5 5 4 
-295 6 5 5 3 4 4 
-295 6 5 5 3 2 
-295 6 5 5 3 4 
-295 6 5 5 3 4 
-295 6 5 5 4 
-295 6 5 5 3 5 
-295 6 5 5 4 
-295 6 5 5 3 
-295 6 5 5 3 4 4 
-295 6 5 5 3 4 1 
-295 6 5 5 3 
-295 6 5 5 3 4 
-295 6 5 5 
-295 6 5 5 4 
-295 6 5 5 3 
-295 6 5 5 4 
-295 6 5 5 3 4 
-295 6 5 5 
-295 6 5 5 3 4 1 
-295 6 5 5 3 6 
-295 6 5 5 3 4 
-295 6 5 5 3 4 
-295 6 5 5 3 4 4 
-295 6 5 5 3 4 
-295 6 5 5 
-295 6 5 5 3 4 
-295 6 5 5 3 
-295 6 5 5 3 4 
-295 6 5 5 2 
-295 6 5 5 3 4 4 2 
-295 6 5 5 3 4 1 
-295 6 5 5 
-295 6 5 5 2 
-295 6 5 5 3 
-295 6 5 5 3 4 
-295 6 5 5 3 4 5 
-295 6 5 5 3 
-295 6 5 5 3 4 4 6 
-295 6 5 1 
-295 6 5 5 3 1 
-295 6 5 5 3 1 
-295 6 5 5 3 4 1 
-295 6 5 5 3 4 
-295 6 5 5 3 4 2 
-295 6 5 5 3 4 4 
-295 6 5 5 3 3 
-295 6 5 5 3 4 4 
-295 6 5 3 
-295 6 5 5 3 4 4 2 
-295 6 5 5 3 4 
-295 6 5 5 3 4 
-295 6 5 5 3 4 4 6 
-295 6 5 5 3 
-295 6 5 5 3 4 4 
-295 6 5 5 3 3 
-295 6 5 5 3 4 4 
-295 6 5 5 3 4 5 
-295 6 5 5 3 4 4 6 
-295 6 5 5 3 4 4 
-295 6 5 5 3 4 4 
